Accuracy: 0.7681917211328976
Precision: 0.7784561841870152
Recall: 0.7681917211328976
F1 Score: 0.7691548410461773

Classification Report:
              precision    recall  f1-score   support

    airplane       0.87      0.79      0.83        34
         arm       0.64      0.59      0.62        27
         bed       0.72      0.95      0.82        22
      better       0.81      0.59      0.68        29
        bird       0.81      0.78      0.79        49
       black       0.96      0.76      0.85        29
         boy       0.73      0.80      0.77        41
       brown       0.91      0.82      0.86        39
         bug       0.91      0.80      0.85        51
 callonphone       0.87      0.84      0.85        31
       clown       0.89      0.91      0.90        56
         cow       0.96      0.83      0.89        54
        cute       0.67      0.79      0.72        28
         dad       0.69      0.64      0.67        45
       dirty       0.66      0.74      0.70        31
        doll       0.92      0.81      0.86        57
      donkey       0.81      0.78      0.80        45
       drink       0.67      0.70      0.69        44
         ear       0.81      0.71      0.76        31
        farm       0.65      0.69      0.67        29
        feet       0.91      0.81      0.85        36
        find       0.87      0.72      0.79        36
        fine       0.78      0.78      0.78        18
     fireman       0.85      0.84      0.85        56
      flower       0.83      0.73      0.77        33
        frog       0.77      0.80      0.78        45
     garbage       0.67      0.85      0.75        26
     grandma       0.61      0.48      0.54        23
     grandpa       0.54      0.70      0.61        27
       grass       0.81      0.74      0.78        35
         gum       0.59      0.83      0.69        36
        hair       0.81      0.76      0.79        46
         hat       0.69      0.64      0.67        14
        head       0.71      0.48      0.57        21
         hen       0.58      0.64      0.61        28
        home       0.78      0.71      0.75        35
       horse       0.76      0.74      0.75        35
    icecream       0.66      0.73      0.69        37
          if       0.69      0.56      0.62        16
      listen       0.79      0.79      0.79        42
        moon       0.71      0.67      0.69        30
       noisy       0.69      0.61      0.65        18
        nose       0.93      0.91      0.92        46
        nuts       0.75      0.70      0.72        30
      orange       0.72      0.76      0.74        54
         owl       0.91      0.75      0.82        55
         pig       0.85      0.70      0.77        40
       pizza       0.74      0.74      0.74        35
      police       0.79      0.89      0.84        46
       radio       0.64      0.82      0.72        28
         sad       0.60      0.83      0.70        35
         see       0.77      0.85      0.81        27
        shhh       0.72      0.90      0.80        52
      shower       0.96      0.81      0.88        32
        sick       0.71      0.79      0.75        28
       store       0.69      0.52      0.59        21
       stuck       0.65      0.74      0.69        23
        talk       0.77      0.81      0.79        37
       taste       0.70      0.76      0.73        41
     thirsty       0.95      0.69      0.80        29
       tiger       0.67      0.74      0.71        39
       uncle       0.80      0.82      0.81        39
   underwear       0.63      0.81      0.71        32
       water       0.82      0.86      0.84        37
       zebra       0.84      0.88      0.86        24

    accuracy                           0.77      2295
   macro avg       0.76      0.75      0.75      2295
weighted avg       0.78      0.77      0.77      2295
