Accuracy: 0.4876750700280112
Precision: 0.498056128271347
Recall: 0.4876750700280112
F1 Score: 0.4831767198025551

Classification Report:
              precision    recall  f1-score   support

          TV       0.33      0.39      0.36        31
       after       0.09      0.12      0.11         8
    airplane       0.61      0.58      0.60        43
         all       0.50      0.17      0.25        18
   alligator       0.29      0.29      0.29        21
      animal       0.27      0.50      0.35        16
     another       0.43      0.25      0.32        24
         any       0.38      0.36      0.37        14
       apple       0.53      0.66      0.59        38
         arm       0.68      0.48      0.57        27
        aunt       0.64      0.57      0.60        44
       awake       0.36      0.40      0.38        45
    backyard       0.60      0.57      0.59        21
         bad       0.10      0.11      0.11         9
     balloon       0.40      0.32      0.35        38
        bath       0.28      0.50      0.36        20
     because       0.54      0.39      0.45        36
         bed       0.58      0.61      0.59        18
     bedroom       0.30      0.19      0.24        31
         bee       0.30      0.32      0.31        28
      before       0.36      0.38      0.37        24
      beside       0.00      0.00      0.00         5
      better       0.21      0.26      0.23        19
        bird       0.61      0.62      0.62        40
       black       0.72      0.60      0.66        35
        blow       0.48      0.29      0.36        42
        blue       0.52      0.46      0.49        26
        boat       0.32      0.43      0.37        23
        book       0.38      0.18      0.24        17
         boy       0.63      0.56      0.59        34
     brother       0.67      0.67      0.67        21
       brown       0.71      0.80      0.76        46
         bug       0.68      0.73      0.70        44
         bye       0.26      0.35      0.30        31
 callonphone       0.74      0.63      0.68        27
         can       0.25      0.20      0.22        15
         car       0.13      0.11      0.12        19
      carrot       0.67      0.48      0.56        46
         cat       0.38      0.38      0.38        21
      cereal       0.46      0.41      0.43        27
       chair       0.23      0.48      0.31        21
       cheek       0.64      0.60      0.62        47
       child       0.33      0.30      0.32        23
        chin       0.38      0.44      0.40        39
   chocolate       0.50      0.48      0.49        31
       clean       0.35      0.40      0.38        15
       close       0.37      0.30      0.33        23
      closet       0.53      0.40      0.46        47
       cloud       0.35      0.20      0.25        35
       clown       0.80      0.76      0.78        51
         cow       0.67      0.88      0.76        41
      cowboy       0.57      0.31      0.41        51
         cry       0.45      0.50      0.48        38
         cut       0.09      0.12      0.11        16
        cute       0.57      0.82      0.68        33
         dad       0.64      0.64      0.64        33
       dance       0.00      0.00      0.00         4
       dirty       0.53      0.62      0.57        26
         dog       0.37      0.45      0.41        29
        doll       0.63      0.66      0.65        47
      donkey       0.63      0.82      0.71        39
        down       0.18      0.31      0.23        13
      drawer       0.57      0.42      0.48        19
       drink       0.76      0.63      0.69        41
        drop       0.33      0.31      0.32        13
         dry       0.26      0.47      0.33        17
       dryer       0.45      0.30      0.36        33
        duck       0.53      0.49      0.51        41
         ear       0.61      0.81      0.70        37
    elephant       0.38      0.40      0.39        15
       empty       0.15      0.22      0.18         9
       every       0.50      0.35      0.41        23
         eye       0.65      0.69      0.67        45
        face       0.52      0.57      0.54        23
        fall       0.36      0.29      0.32        14
        farm       0.43      0.39      0.41        23
        fast       0.33      0.24      0.28        25
        feet       0.68      0.55      0.61        38
        find       0.85      0.50      0.63        44
        fine       0.60      0.41      0.49        22
      finger       0.40      0.47      0.43        36
      finish       0.45      0.44      0.44        32
     fireman       0.72      0.62      0.67        42
       first       0.52      0.50      0.51        28
        fish       0.47      0.32      0.38        22
        flag       0.50      0.52      0.51        23
      flower       0.72      0.91      0.81        34
        food       0.51      0.64      0.57        33
         for       0.59      0.70      0.64        33
 frenchfries       0.39      0.46      0.42        24
        frog       0.74      0.76      0.75        45
     garbage       0.50      0.48      0.49        25
        gift       0.34      0.58      0.43        24
     giraffe       0.74      0.45      0.56        31
        girl       0.34      0.59      0.43        17
        give       0.10      0.10      0.10        10
 glasswindow       0.39      0.32      0.35        38
          go       0.14      0.07      0.09        15
       goose       0.50      0.38      0.43        40
     grandma       0.45      0.43      0.44        21
     grandpa       0.67      0.56      0.61        25
       grass       0.78      0.71      0.75        35
       green       0.29      0.44      0.35        27
         gum       0.65      0.70      0.67        44
        hair       0.72      0.74      0.73        39
       happy       0.38      0.48      0.43        21
         hat       0.57      0.57      0.57        14
        hate       0.07      0.05      0.06        19
        have       0.36      0.53      0.43        19
      haveto       0.07      0.08      0.08        12
        head       0.42      0.40      0.41        20
        hear       0.60      0.57      0.59        47
  helicopter       0.36      0.24      0.29        21
       hello       0.44      0.48      0.46        25
         hen       0.67      0.68      0.67        50
     hesheit       0.52      0.42      0.46        31
        hide       0.20      0.14      0.17        21
        high       0.53      0.50      0.52        32
        home       0.55      0.66      0.60        32
       horse       0.73      0.74      0.74        47
         hot       0.37      0.37      0.37        27
      hungry       0.57      0.60      0.59        20
    icecream       0.35      0.50      0.41        26
          if       0.59      0.42      0.49        24
        into       0.17      0.05      0.08        19
      jacket       0.25      0.37      0.30        19
       jeans       0.45      0.31      0.37        29
        jump       0.33      0.19      0.24        21
        kiss       0.50      0.40      0.44        30
       kitty       0.36      0.57      0.44        28
        lamp       0.60      0.64      0.62        33
       later       0.55      0.26      0.35        23
        like       0.45      0.31      0.37        16
        lion       0.90      0.39      0.55        23
        lips       0.41      0.48      0.44        46
      listen       0.59      0.53      0.56        38
        look       0.20      0.12      0.15        26
        loud       0.36      0.39      0.37        23
         mad       0.62      0.59      0.61        39
        make       0.32      0.31      0.32        32
         man       0.50      0.48      0.49        23
        many       0.54      0.23      0.33        30
        milk       0.31      0.41      0.35        37
      minemy       0.33      0.61      0.43        31
      mitten       0.32      0.21      0.25        33
         mom       0.59      0.66      0.62        41
        moon       0.50      0.48      0.49        31
     morning       0.30      0.59      0.40        29
       mouse       0.64      0.73      0.68        44
       mouth       0.16      0.09      0.12        32
         nap       0.07      0.07      0.07        29
      napkin       0.34      0.38      0.36        34
       night       0.22      0.27      0.24        15
          no       0.39      0.52      0.45        25
       noisy       0.50      0.47      0.48        15
        nose       0.56      0.85      0.67        34
         not       0.38      0.30      0.33        20
         now       0.47      0.45      0.46        20
        nuts       0.53      0.61      0.57        28
         old       0.58      0.47      0.52        30
          on       0.17      0.14      0.15        22
        open       0.12      0.06      0.08        18
      orange       0.50      0.62      0.55        37
     outside       0.52      0.65      0.58        20
        owie       0.38      0.26      0.31        23
         owl       0.81      0.77      0.79        39
     pajamas       0.42      0.20      0.27        25
         pen       0.20      0.20      0.20        20
      pencil       0.33      0.18      0.24        33
       penny       0.53      0.34      0.42        29
      person       0.43      0.30      0.35        10
         pig       0.65      0.65      0.65        31
       pizza       0.60      0.53      0.56        34
      please       0.41      0.42      0.42        38
      police       0.71      0.83      0.77        48
        pool       0.11      0.06      0.08        16
       potty       0.38      0.55      0.45        29
     pretend       0.73      0.39      0.51        49
      pretty       0.43      0.27      0.33        33
       puppy       0.20      0.12      0.15        24
      puzzle       0.16      0.20      0.18        15
       quiet       0.33      0.31      0.32        13
       radio       0.69      0.76      0.72        38
        rain       0.25      0.41      0.31        17
        read       0.35      0.33      0.34        18
         red       0.52      0.35      0.42        31
refrigerator       0.41      0.38      0.39        37
        ride       0.35      0.40      0.37        20
        room       0.36      0.24      0.29        17
         sad       0.60      0.44      0.51        41
        same       0.54      0.62      0.58        21
         say       0.28      0.43      0.34        28
    scissors       0.30      0.55      0.39        20
         see       0.67      0.71      0.69        34
        shhh       0.84      0.79      0.81        58
       shirt       0.67      0.57      0.62        28
        shoe       0.57      0.50      0.53        16
      shower       0.42      0.67      0.52        21
        sick       0.65      0.71      0.68        42
       sleep       0.38      0.29      0.33        28
      sleepy       0.28      0.27      0.27        26
       smile       0.62      0.42      0.50        24
       snack       0.43      0.28      0.34        43
        snow       0.70      0.41      0.52        39
      stairs       0.74      0.54      0.62        37
        stay       0.33      0.33      0.33        15
      sticky       0.33      0.41      0.37        29
       store       0.56      0.54      0.55        28
       story       0.11      0.10      0.10        21
       stuck       0.62      0.80      0.70        25
         sun       0.55      0.41      0.47        39
       table       0.44      0.54      0.48        13
        talk       0.57      0.62      0.59        39
       taste       0.56      0.66      0.60        38
    thankyou       0.48      0.57      0.52        21
        that       0.60      0.53      0.56        17
       there       0.64      0.38      0.47        24
       think       0.41      0.58      0.48        36
     thirsty       0.61      0.71      0.66        28
       tiger       0.80      0.72      0.76        39
        time       0.30      0.62      0.41        16
    tomorrow       0.39      0.26      0.32        34
      tongue       0.36      0.44      0.40        27
       tooth       0.38      0.56      0.45        41
  toothbrush       0.47      0.47      0.47        30
       touch       0.38      0.30      0.33        30
         toy       0.36      0.58      0.44        31
        tree       0.40      0.55      0.46        29
       uncle       0.59      0.74      0.66        43
   underwear       0.59      0.56      0.58        39
          up       0.59      0.57      0.58        30
      vacuum       0.19      0.21      0.20        14
        wait       0.45      0.48      0.47        31
        wake       0.33      0.38      0.35        39
       water       0.65      0.95      0.77        39
         wet       0.40      0.22      0.29        18
        weus       0.31      0.43      0.36        23
       where       0.39      0.42      0.40        40
       white       0.45      0.25      0.32        20
         who       0.56      0.65      0.60        46
         why       0.56      0.48      0.52        29
        will       0.38      0.24      0.29        25
        wolf       0.44      0.74      0.55        23
      yellow       0.34      0.59      0.43        17
         yes       0.37      0.30      0.33        23
   yesterday       0.55      0.53      0.54        45
    yourself       0.54      0.56      0.55        27
       yucky       0.68      0.58      0.62        33
       zebra       0.78      0.60      0.68        35
      zipper       1.00      0.38      0.55         8

    accuracy                           0.49      7140
   macro avg       0.46      0.45      0.44      7140
weighted avg       0.50      0.49      0.48      7140
